E Number,Start,CS1,Lab1,Lab2,Lab3,Lab4,Lab5,Lab6,Project1,Mid,Lab7,CS3,Lab8,Lab9,CS4,Project2,Lab10,Reading,CS2
E/14/009,0,1.7,1.5,1.5,1.5,1.5,1.05,1.5,7.5,14,1.5,1.7,1.5,1.5,1.7,6.5625,1.5,5,2
E/14/010,0,1.5,1.5,1.5,1.5,1.5,1.05,1.275,7.125,14,1.5,1.7,1.5,1.5,1.7,6.5625,1.5,6.5,2
E/14/011,0,1.5,1.5,0.835,1.5,1.5,0.9,1.2,7.5,8,1.05,1.7,1.5,1.5,1.6,2.4375,1.5,3.5,2
E/14/012,0,0.4,1.3425,0.45,0.9,0,0.9,0.45,6.375,20,0.3,1.7,0,0,1.6,0,1.5,0,2
E/14/017,0,1.6,1.059,1.5,1.5,1.07,0.98,0,6.75,5,0.975,2,1.5,0,2,6.9375,1.5,0.5,2
E/14/018,0,1.5,1.4895,1.5,1.5,1.29,0.75,0.585,7.125,8,1.5,2,1.5,1.5,1.6,3.4125,1.5,1,2
E/14/021,0,1.8,0.375,1.465,1.5,1.5,0.9,1.5,7.5,14,1.5,1.7,0,1.125,0,6.9375,1.5,2,2
E/14/028,0,2,1.5,1.5,1.5,1.5,0,1.5,7.5,9,1.5,2,1.5,1.5,2,6.75,1.5,7.5,2
E/14/037,0,1.5,1.5,1.5,1.5,1.5,1.05,1.2,7.5,6,1.05,2,1.5,0.75,1.7,0,1.275,0.5,2
E/14/049,0,1.8,1.269,1.5,0.9,0.64,0.83,0.45,7.5,4,0.9,1.7,1.5,1.125,1.6,2.475,1.5,2.5,2
E/14/054,0,1.5,1.5,1.5,1.5,1.5,1.2,1.2,7.5,17,1.5,1.7,1.5,1.125,1.6,7.125,1.125,4,2
E/14/065,0,1.7,1.5,1.5,1.2,1.5,0.83,1.5,7.125,8,1.5,2,1.5,1.125,1.6,5.925,1.5,5.5,2
E/14/068,0,1.7,1.35,1.5,1.5,1.5,0,1.2,7.5,14,1.5,1.7,0.9,1.5,1.6,4.5,1.5,3,2
E/14/080,0,1.9,1.269,1.5,1.5,1.5,0.75,1.5,7.5,10,1.5,1.7,0,1.5,1.6,6.375,1.5,4,2
E/14/084,0,2,1.5,1.5,1.5,1.5,1.35,1.5,6.75,4,1.5,2,1.5,1.5,2,6.5625,1.5,6.5,2
E/14/108,0,1.6,1.5,1.5,1.5,1.5,0,0.825,7.125,14,1.5,1.7,1.5,1.5,1.6,5.26875,1.5,4,2
E/14/125,0,1.6,1.5,1.5,1.5,0.64,1.05,0,0,2,0.9,1.7,0,0.15,2,3.88125,1.5,0.5,2
E/14/136,0,1.6,1.4265,1.5,1.5,1.5,1.2,0.945,7.125,18,1.5,2,0.9,1.5,1.6,6.375,1.5,2.5,2
E/14/141,0,1.6,1.5,1.5,1.5,1.5,1.2,1.5,7.5,20,1.5,2,1.5,1.5,2.4,6.9375,1.125,3,2
E/14/142,0,1.7,1.5,1.5,1.5,0,1.13,0.9,7.5,15,1.425,2,1.5,1.5,1.7,1.5,1.5,3.5,2
E/14/144,0,1.7,1.5,1.325,1.5,1.45,1.13,1.125,6,14,1.5,1.7,0.9,1.5,2,6.1875,1.5,5,2
E/14/154,0,1.6,1.4895,1.5,1.5,1.5,1.05,1.5,7.5,12,1.5,2,1.5,1.5,2,5.85,1.5,4.5,2
E/14/158,0,1.7,1.5,1.5,0.9,1.5,1.5,1.5,7.5,20,1.5,2,0.9,1.5,2,5.625,1.5,2,2
E/14/178,0,1.6,1.3635,1.5,0.9,1.07,1.13,0.45,7.5,4,0.9,1.7,0.9,1.5,1.7,2.1375,1.5,3,2
E/14/181,0,1.7,1.4895,0.45,1.5,0,0,0,0,4,0.6,1.7,0,0,1.6,0,1.5,1.5,2
E/14/194,0,2,1.5,1.5,1.5,1.39,1.2,1.26,7.125,13,1.5,2,1.5,1.5,2,6,1.5,2,2
E/14/198,0,1.7,1.5,1.5,0.6,0.86,0.9,0.72,6.1875,4,1.35,2,0.9,1.5,2,1.35,1.5,3,2
E/14/213,0,1.9,1.5,1.5,1.5,1.34,1.05,1.2,0,10,1.5,1.7,1.5,1.5,1.6,2.8125,1.5,3,2
E/14/216,0,2,1.269,1.5,1.5,1.07,0.98,0,6.75,7,0.75,1.7,0,1.5,1.6,5.578125,1.5,0.5,2
E/14/222,0,1.5,1.269,1.5,1.5,1.5,1.35,1.32,7.5,14,1.5,2,1.5,1.5,2,4.8375,1.5,3,2
E/14/228,0,1.8,1.3425,1.35,1.5,0.86,0.98,1.275,6.75,20,1.5,2,1.5,1.5,1.6,3.7875,1.5,1.5,2
E/14/233,0,1.7,1.5,0.835,1.5,0.96,1.13,0.75,6.84375,4,1.05,1.7,1.5,1.5,1.5,3.80625,1.5,1.5,2
E/14/237,0,0.4,1.4895,1.5,0.6,0,0.98,1.5,6,20,1.5,2,0.9,1.125,0,6.375,1.5,0.5,2
E/14/238,0,1.7,1.35,1.43,1.5,1.5,1.28,1.125,7.5,10,1.125,2,0.6,0.75,2,2.4,1.5,2.5,2
E/14/240,0,2,1.5,1.5,1.5,1.5,1.28,1.125,7.5,10,1.5,2,0.9,1.5,2,7.3125,1.5,3,2
E/14/243,0,1.9,1.5,1.5,1.2,0,1.2,0.75,7.5,2,1.5,2,1.5,1.5,2,6.75,1.5,2,2
E/14/244,0,1.8,1.5,1.5,1.5,1.29,0.98,1.125,7.5,18,1.5,1.7,1.5,0,1.6,6.9375,1.5,1,2
E/14/262,0,1.9,1.5,1.5,1.2,0.86,1.05,1.5,6.9375,16,1.5,2,0,1.125,0,6.75,1.5,1.5,2
E/14/277,0,1.7,1.5,1.5,0.6,0.86,0.83,0.9,7.125,2,1.05,1.7,0.9,1.5,1.6,5.625,1.5,3,2
E/14/287,0,1.7,1.458,1.5,1.5,1.23,0.68,1.5,7.5,11,1.5,2,1.5,1.5,0,6.5625,0,2,2
E/14/298,0,1.6,1.2585,1.5,1.5,0.86,0.9,0,6.46875,8,0.825,2,0,1.125,0,3.80625,1.5,1.5,2
E/14/302,0,1.8,1.5,1.325,1.5,0.86,0.9,1.5,7.5,10,1.5,1.7,1.5,1.5,2,6.1875,1.5,1,2
E/14/305,0,2,1.3425,1.185,1.5,1.5,1.13,1.5,6.84375,20,1.5,2,0,0.375,0,6.1875,0,0.5,2
E/14/311,0,1.8,0.7125,0.45,1.5,0.43,1.13,0,5.53125,7,1.5,2,0,1.5,1.7,6.525,1.5,2.5,2
E/14/314,0,2,1.05,1.465,1.5,1.07,0,0.75,7.5,8,0.9,0,1.5,0,1.6,0.1875,1.5,5.5,2
E/14/317,0,1.7,1.4895,1.5,1.5,1.45,1.05,1.5,7.125,14,1.5,1.7,0.6,1.125,2,6.9375,1.5,6.5,2
E/14/322,0,1.6,1.5,1.5,0.6,1.07,0.83,0.9,7.125,12,1.5,1.7,0.9,1.5,1.6,2.625,1.5,2.5,2
E/14/335,0,1.9,1.5,0.45,0,1.5,0.98,0,7.5,10,1.5,0,1.2,1.5,2,6.9375,1.5,0.5,2
E/14/336,0,2,1.3425,1.5,1.5,1.5,1.28,0.45,7.125,11,1.5,1.7,1.5,1.5,1.7,3.1875,1.5,1,2
E/14/337,0,1.6,1.5,1.5,1.5,0.43,1.35,1.125,7.5,10,1.5,2,1.5,1.5,2.4,7.5,1.5,5,2
E/14/339,0,1.6,1.5,1.5,1.5,1.5,1.28,1.5,7.5,20,1.5,2,1.5,1.5,2,7.5,1.5,5.5,2
E/14/349,0,2,1.5,1.36,1.5,1.34,1.28,1.5,7.5,10,1.5,1.7,1.5,1.5,1.6,7.125,1.5,3,2
E/14/352,0,2,1.3425,1.43,1.5,1.5,1.05,1.26,7.125,3,1.05,1.7,1.5,1.5,2,6.375,1.5,3,2
E/14/364,0,1.7,1.5,1.35,1.5,0,0.83,0.9,0,8,0.45,1.7,1.5,0.75,2,2.71875,1.5,3,2
E/14/379,0,1.7,1.5,1.08,0.9,1.5,1.28,1.5,7.125,20,1.5,2,0.9,1.125,2,5.8125,1.125,0.5,2
E/14/380,0,1.9,1.5,1.185,0.6,1.39,1.13,1.125,6.75,8,1.5,1.7,0,0.15,1.6,4.875,0,3,2
E/14/390,0,2,1.5,1.5,1.5,1.29,1.13,1.275,7.5,20,1.5,2,1.5,1.125,1.6,6.75,0,3.5,2
E/14/402,0,1.8,1.5,1.5,1.5,1.07,0.75,1.125,7.125,8,1.5,2,1.5,1.5,1.6,6.1875,1.5,2,2
E/14/403,0,1.6,1.122,1.5,1.5,0.91,0.75,0,7.21875,5,1.05,2,0.6,1.5,1.6,2.90625,1.5,2.5,2
E/14/404,0,1.7,1.4895,1.5,0.6,1.5,0.98,1.125,7.5,8,1.5,2,1.5,1.5,0,5.5125,1.5,4.5,2
E/14/410,0,1.8,1.5,1.465,1.5,1.5,1.28,0.825,7.5,14,1.5,2,1.5,1.5,0,7.125,1.5,2.5,2
E/14/413,0,2,1.4265,1.5,1.5,1.5,1.35,1.5,7.5,20,1.5,2,1.5,1.5,2,7.3125,1.5,4.5,2
Maximum,0,2,1.5,1.5,1.5,1.5,1.5,1.5,7.5,20,1.5,2,1.5,1.5,2,7.5,1.5,5,2
